# Q2(Gev/c)^2   F1u             dF1u            F1d              dF1d
0.0002		1.9958		0.0055		0.9979		0.0028
0.0002		2.0012		0.0055		1.0006		0.0028
0.0002		2.0010		0.0054		1.0005		0.0028
0.0003		1.9981		0.0057		0.9990		0.0030
0.0003		2.0017		0.0051		1.0008		0.0027
0.0003		2.0011		0.0053		1.0005		0.0028
0.0003		1.9968		0.0053		0.9984		0.0028
0.0003		1.9960		0.0058		0.9980		0.0031
0.0004		1.9992		0.0050		0.9996		0.0028
0.0004		1.9973		0.0059		0.9986		0.0032
0.0004		1.9968		0.0060		0.9984		0.0033
0.0005		1.9982		0.0051		0.9990		0.0030
0.0005		1.9939		0.0048		0.9969		0.0029
0.0006		2.0019		0.0048		1.0009		0.0030
0.0006		1.9943		0.0047		0.9971		0.0031
0.0007		1.9955		0.0047		0.9977		0.0033
0.0007		1.9950		0.0034		0.9974		0.0029
0.0007		1.9975		0.0035		0.9987		0.0030
0.0008		1.9976		0.0034		0.9987		0.0031
0.0008		1.9971		0.0047		0.9985		0.0035
0.0008		1.9965		0.0034		0.9982		0.0031
0.0008		1.9931		0.0035		0.9965		0.0033
0.0009		1.9985		0.0036		0.9992		0.0034
0.0009		1.9953		0.0047		0.9976		0.0038
0.0009		1.9947		0.0037		0.9973		0.0036
0.0010		1.9941		0.0038		0.9969		0.0038
0.0010		1.9947		0.0038		0.9972		0.0039
0.0011		1.9964		0.0051		0.9981		0.0044
0.0011		1.9941		0.0039		0.9969		0.0042
0.0012		1.9948		0.0041		0.9973		0.0045
0.0013		1.9903		0.0042		0.9950		0.0048
0.0013		1.9934		0.0050		0.9966		0.0050
0.0014		1.9901		0.0045		0.9949		0.0051
0.0015		1.9929		0.0045		0.9963		0.0054
0.0016		1.9908		0.0048		0.9952		0.0058
0.0016		1.9890		0.0056		0.9943		0.0060
0.0018		1.9911		0.0052		0.9954		0.0063
0.0020		1.9938		0.0054		0.9967		0.0067
0.0020		1.9928		0.0064		0.9962		0.0071
0.0022		1.9900		0.0056		0.9948		0.0072
0.0024		1.9882		0.0060		0.9938		0.0079
0.0026		1.9878		0.0070		0.9936		0.0086
0.0027		1.9860		0.0066		0.9927		0.0087
0.0030		1.9858		0.0071		0.9926		0.0097
0.0032		1.9866		0.0083		0.9929		0.0105
0.0035		1.9831		0.0081		0.9911		0.0112
0.0039		1.9799		0.0097		0.9895		0.0126
0.0041		1.9814		0.0093		0.9903		0.0131
0.0046		1.9779		0.0112		0.9884		0.0148
0.0050		1.9760		0.0110		0.9875		0.0158
0.0054		1.9662		0.0126		0.9825		0.0171
0.0062		1.9717		0.0131		0.9852		0.0190
0.0063		1.9661		0.0146		0.9823		0.0195
0.0073		1.9620		0.0155		0.9802		0.0216
0.0077		1.9608		0.0154		0.9795		0.0225
0.0083		1.9639		0.0172		0.9810		0.0238
0.0094		1.9478		0.0187		0.9729		0.0259
0.0097		1.9548		0.0179		0.9763		0.0264
0.0115		1.9490		0.0206		0.9732		0.0295
0.0121		1.9428		0.0205		0.9701		0.0303
0.0146		1.9248		0.0231		0.9607		0.0341
0.0152		1.9002		0.0272		0.9484		0.0355
0.0155		1.9250		0.0259		0.9608		0.0355
0.0162		1.9005		0.0256		0.9484		0.0363
0.0172		1.8845		0.0266		0.9403		0.0376
0.0175		1.9130		0.0257		0.9545		0.0378
0.0182		1.9029		0.0270		0.9493		0.0388
0.0192		1.8826		0.0288		0.9391		0.0401
0.0202		1.8885		0.0288		0.9419		0.0411
0.0205		1.9033		0.0283		0.9493		0.0413
0.0213		1.8935		0.0299		0.9443		0.0423
0.0236		1.8901		0.0311		0.9423		0.0444
0.0238		1.8972		0.0307		0.9458		0.0446
0.0255		1.8719		0.0319		0.9330		0.0460
0.0272		1.8573		0.0328		0.9255		0.0473
0.0274		1.8662		0.0331		0.9299		0.0474
0.0304		1.8494		0.0347		0.9212		0.0493
0.0312		1.8614		0.0353		0.9271		0.0498
0.0322		1.8376		0.0354		0.9151		0.0502
0.0340		1.8325		0.0360		0.9123		0.0510
0.0353		1.8358		0.0371		0.9138		0.0516
0.0357		1.8139		0.0367		0.9027		0.0517
0.0376		1.8151		0.0375		0.9032		0.0522
0.0394		1.8098		0.0379		0.9003		0.0526
0.0404		1.8251		0.0391		0.9078		0.0530
0.0413		1.7936		0.0384		0.8919		0.0530
0.0433		1.7884		0.0389		0.8891		0.0532
0.0465		1.7973		0.0412		0.8931		0.0537
0.0473		1.7691		0.0397		0.8789		0.0534
0.0494		1.7634		0.0400		0.8758		0.0534
0.0515		1.7562		0.0403		0.8719		0.0533
0.0537		1.7486		0.0405		0.8679		0.0531
0.0557		1.7379		0.0407		0.8623		0.0529
0.0580		1.7283		0.0409		0.8572		0.0525
0.0582		1.7465		0.0429		0.8662		0.0529
0.0602		1.7187		0.0410		0.8521		0.0522
0.0625		1.7124		0.0411		0.8486		0.0518
0.0648		1.7034		0.0411		0.8438		0.0513
0.0672		1.6926		0.0412		0.8381		0.0508
0.0695		1.6837		0.0411		0.8334		0.0503
0.0711		1.6752		0.0411		0.8290		0.0500
0.0742		1.6606		0.0411		0.8212		0.0492
0.0773		1.6493		0.0410		0.8152		0.0485
0.0805		1.6392		0.0409		0.8097		0.0478
0.0837		1.6306		0.0408		0.8050		0.0470
0.0867		1.6193		0.0413		0.7989		0.0465
0.0908		1.6039		0.0407		0.7907		0.0455
0.0949		1.5895		0.0407		0.7829		0.0446
0.1033		1.5540		0.0403		0.7640		0.0428
0.1076		1.5461		0.0400		0.7595		0.0420
0.1120		1.5267		0.0395		0.7492		0.0411
0.1163		1.5164		0.0393		0.7435		0.0403
0.1255		1.4885		0.0389		0.7283		0.0388
0.1300		1.4771		0.0386		0.7220		0.0381
0.1348		1.4654		0.0384		0.7155		0.0373
0.1395		1.4537		0.0383		0.7090		0.0367
0.1441		1.4397		0.0381		0.7014		0.0361
0.1490		1.4209		0.0378		0.6913		0.0355
0.1538		1.4153		0.0378		0.6879		0.0350
0.1588		1.3987		0.0375		0.6789		0.0344
0.1620		1.4220		0.0449		0.6901		0.0362
0.1637		1.3865		0.0374		0.6721		0.0339
0.1687		1.3641		0.0372		0.6603		0.0334
0.1739		1.3540		0.0371		0.6545		0.0329
0.1789		1.3436		0.0369		0.6487		0.0325
0.1840		1.3265		0.0368		0.6395		0.0321
0.1893		1.3189		0.0368		0.6350		0.0317
0.1910		1.3317		0.0424		0.6412		0.0333
0.1943		1.3038		0.0366		0.6268		0.0313
0.1997		1.2857		0.0365		0.6170		0.0309
0.2051		1.2672		0.0364		0.6071		0.0306
0.2103		1.2589		0.0363		0.6023		0.0303
0.2150		1.0764		0.0667		0.5104		0.0411
0.2156		1.2489		0.0362		0.5966		0.0300
0.2210		1.2411		0.0363		0.5920		0.0298
0.2318		1.2204		0.0362		0.5804		0.0292
0.2320		1.2309		0.0402		0.5856		0.0305
0.2350		1.1660		0.0584		0.5528		0.0370
0.2427		1.1823		0.0360		0.5600		0.0288
0.2481		1.1796		0.0360		0.5580		0.0286
0.2510		1.1807		0.0571		0.5582		0.0361
0.2592		1.1613		0.0359		0.5476		0.0282
0.2650		1.1487		0.0509		0.5406		0.0333
0.2758		1.1258		0.0357		0.5279		0.0276
0.2814		1.1129		0.0358		0.5208		0.0275
0.2820		1.1076		0.0386		0.5181		0.0284
0.2980		1.0378		0.0374		0.4815		0.0276
0.3069		1.0612		0.0353		0.4922		0.0268
0.3080		1.0261		0.0384		0.4746		0.0278
0.3200		1.0056		0.0685		0.4631		0.0395
0.3354		1.0089		0.0351		0.4633		0.0262
0.3450		1.0041		0.0378		0.4599		0.0269
0.3460		0.9685		0.0370		0.4421		0.0267
0.3460		0.9780		0.0365		0.4468		0.0265
0.3500		0.9449		0.0611		0.4299		0.0360
0.3638		0.9604		0.0349		0.4364		0.0257
0.3730		0.9835		0.0546		0.4471		0.0331
0.3800		0.9356		0.0541		0.4226		0.0328
0.3900		0.9305		0.0428		0.4192		0.0283
0.3916		0.9287		0.0347		0.4182		0.0253
0.4000		0.8848		0.0363		0.3955		0.0257
0.4010		0.9531		0.0521		0.4296		0.0318
0.4020		0.8931		0.0353		0.3995		0.0254
0.4190		0.9066		0.0367		0.4050		0.0257
0.4201		0.8886		0.0344		0.3959		0.0249
0.4410		0.8490		0.0489		0.3746		0.0302
0.4471		0.8472		0.0343		0.3733		0.0246
0.4490		0.8367		0.0345		0.3679		0.0246
0.4600		0.8380		0.0408		0.3678		0.0268
0.4740		0.8033		0.0361		0.3496		0.0250
0.4748		0.8153		0.0339		0.3555		0.0242
0.4900		0.8221		0.0350		0.3580		0.0244
0.4940		0.7863		0.0338		0.3399		0.0240
0.5000		0.8365		0.0469		0.3646		0.0289
0.5000		0.8199		0.0355		0.3563		0.0245
0.5011		0.7861		0.0333		0.3394		0.0237
0.5150		0.7877		0.0385		0.3394		0.0255
0.5274		0.7484		0.0329		0.3191		0.0234
0.5470		0.7341		0.0327		0.3110		0.0231
0.5524		0.7220		0.0324		0.3047		0.0230
0.5700		0.7307		0.0385		0.3082		0.0251
0.5910		0.7130		0.0343		0.2985		0.0233
0.5990		0.6788		0.0319		0.2811		0.0224
0.6950		0.6088		0.0296		0.2432		0.0207
0.7600		0.5882		0.0310		0.2316		0.0206
0.7900		0.5635		0.0275		0.2188		0.0191
0.8000		0.5386		0.0270		0.2062		0.0188
0.8600		0.4936		0.0275		0.1832		0.0185
0.8800		0.5034		0.0383		0.1880		0.0227
1.0200		0.4326		0.0245		0.1526		0.0163
1.0200		0.4264		0.0221		0.1495		0.0154
